0.900596440613 0.0664382381402
0.971625407688 0.0494127880819
0.132971680521 0.948379374711
0.0876648663311 0.311340719948
0.673756092606 0.93424778466
0.85592941742 0.297985250085
0.942722856124 0.70482056022
0.169799067628 0.88194862609
0.737118545928 0.581220357022
0.209255069247 0.209699436258
0.244842146494 0.872075429153
0.296736064724 0.805718239925
0.0725145273079 0.691670309936
0.982061787647 0.790209446326
0.187709494142 0.0520966863193
0.957535568404 0.0983164945705
0.225685186347 0.272844821665
0.735883300913 0.0695419259787
0.946552744187 0.381236573812
0.17576316577 0.325208704115
0.296945673099 0.6499221611
0.63353778485 0.195786657736
0.914482875649 0.114011644531
0.748409763653 0.68361011823
0.192777383892 0.166661654778
0.221642280133 0.00458296535342
0.135954222883 0.619105935627
0.269956249402 0.248115231267
0.093773021772 0.766039880285
0.432116305371 0.708759200617
0.0269642340961 0.321817263783
0.0666590129423 0.0166125529651
0.340165964288 0.832019137465
0.11316766232 0.26826429311
0.998780287701 0.986457837634
0.00699924050172 0.161194022093
0.012866324347 0.274004070547
0.424610580173 0.163981312182
0.885191903773 0.48062936234
0.425404224801 0.911574463461
0.350190926328 0.401821614379
0.247674459184 0.624269827702
0.378899861453 0.708267605681
0.350430489185 0.989850681724
0.0671116117131 0.607632739606
0.000612780051635 0.574513529785
0.202677240673 0.779233266996
0.309836298856 0.0799604933087
0.373837852195 0.932076927188
0.252987879432 0.969965630283
0.175663642711 0.975760220667
0.696329311861 0.76446510459
0.0697697065223 0.381553817478
0.131400355097 0.671018020799
0.498179381786 0.745255851885
0.445750883585 0.303892257397
0.171644319322 0.583533588372
0.353096068606 0.0535704673665
0.254438359908 0.374676442186
0.565667709214 0.545078078548
0.934434408668 0.752134717732
0.316422738916 0.894719855333
0.213660278381 0.727918634893
0.0274781863862 0.0453070369054
0.54667013301 0.825056475696
0.084337444981 0.1751809566
0.134412268863 0.347154448544
0.384443892033 0.131698196336
0.984937292637 0.939870270726
0.0584084839181 0.215996705152
0.121493654631 0.391055749179
0.51698923677 0.434046206361
0.108161889272 0.2181725469
0.424867405226 0.770813024917
0.595060141364 0.833972270069
0.37991114195 0.860466750277
0.0368769306982 0.727865795597
0.936831860842 0.929417752572
0.491222872289 0.561533697928
0.251031749829 0.810712439159
0.112705862242 0.906430961854
0.537078969646 0.261374680826
0.35488176994 0.202217491979
0.64671936941 0.532239487401
0.29506287888 0.398784011094
0.354536251459 0.263561765852
0.0623490746287 0.525060614927
0.329288806942 0.768995423292
0.567732260148 0.34957123355
0.657754599637 0.716920682944
0.583152613626 0.267208719733
0.318821291049 0.135250891275
0.388080597164 0.471932896816
0.268496202855 0.74878155757
0.423695474997 0.226337884063
0.00919509741899 0.209559416764
0.0993898120958 0.0790374151346
0.316004482058 0.302431301741
0.775026055338 0.271911397516
0.252216349979 0.525910905992
0.459747980539 0.447228225986
0.857993479626 0.347869764269
0.5360118642 0.307874235284
0.252879256916 0.473234214347
0.20592603419 0.481337920756
0.50748883756 0.67941934162
0.306718702279 0.722933978998
0.311402962176 0.498695220308
0.247539090151 0.577516299305
0.451784892492 0.00403020688396
0.644232518244 0.0364487009314
0.301091055295 0.00924167303839
0.523410547899 0.117762289648
0.267940667004 0.0427802774723
0.353137420565 0.526363630246
0.272443894172 0.32018832369
0.480564547236 0.274171873737
0.616031992016 0.750753563192
0.400041170257 0.291340475159
0.390619798197 0.80177751216
0.770212071814 0.0332495221335
0.166291689885 0.812861516557
0.443334698378 0.664218065904
0.628481951131 0.374404983244
0.128947393447 0.039436407715
0.675204916012 0.397668118242
0.570593050618 0.0703901072448
0.0830684070088 0.868250249149
0.41790367404 0.0829076834769
0.60218740854 0.137870004897
0.500710804446 0.807371380146
0.402140429888 0.406318213938
0.825622832026 0.251873200837
0.630090770855 0.307135070315
0.527126482147 0.37873277073
0.350468914388 0.655756318841
0.470831525949 0.372403173199
0.223297858908 0.328966999291
0.895671418384 0.390427981897
0.443497838798 0.955191083095
0.557443304844 0.75653523452
0.502654729298 0.0739844369977
0.312177033249 0.183171735451
0.502712746977 0.215511526632
0.553114850097 0.155209189103
0.504278471475 0.159423886513
0.45264897902 0.809487144446
0.812662765205 0.951277469612
0.0945742950951 0.570115242714
0.685655756233 0.345380938957
0.56856390249 0.223220221248
0.701690771916 0.297310313269
0.718878112001 0.449255379038
0.572296955929 0.423184440423
0.380114881111 0.564259723072
0.778848064959 0.830212443272
0.494242550481 0.499437814343
0.409468050696 0.614799712102
0.550249015096 0.947627451443
0.517942109145 0.63266110141
0.0384210061057 0.435665392037
0.728307000583 0.193221401185
0.799413670825 0.144494204664
0.662993346644 0.0834641329714
0.733012452012 0.367255873845
0.578532682927 0.708535866017
0.16248524358 0.270785489033
0.442458169897 0.516288254888
0.829383954219 0.467917807051
0.340643951602 0.34265454556
0.506082475772 0.00852893421802
0.902865274195 0.807523454667
0.396950105849 0.979316467994
0.639352664136 0.812706460511
0.25548290963 0.698907920734
0.7191255262 0.247255552216
0.862670619036 0.835927300193
0.87114762118 0.22589410373
0.878386347295 0.916647439794
0.967311395318 0.537763936588
0.271297957147 0.139684931442
0.665105406183 0.647348064897
0.62471081343 0.4214220342
0.831892146011 0.396266269467
0.701727487645 0.834410157941
0.880391465949 0.719501774448
0.767456267276 0.404517932168
0.775252289016 0.921964917493
0.819236239674 0.765329835264
0.705700717776 0.505762188941
0.553956463035 0.0162127900263
0.912856603564 0.267278075148
0.694616288552 0.998874530023
0.666161283054 0.869574803339
0.903638315379 0.998584077777
0.0432207829774 0.953319947187
0.910649481865 0.324459407003
0.673538714814 0.251582634463
0.973908340034 0.449415395263
0.459896859311 0.617049922017
0.293578098741 0.948692884187
0.919999501999 0.532369272953
0.952686759829 0.582893290717
0.603080284428 0.914683291017
0.615005435625 0.673116251691
0.826139879791 0.899012372018
0.137468400314 0.551265314859
0.859150429612 0.965013118693
0.795504446471 0.570831890278
0.776473313725 0.104690630402
0.459210907716 0.106285724513
0.733569388743 0.145120843238
0.0508185540978 0.819895204591
0.863596644261 0.0969618712155
0.974364820123 0.344796380056
0.904038060512 0.575654600985
0.133941634545 0.490426793209
0.830486235497 0.515232347875
0.625284360894 0.476863006186
0.703421694388 0.700870430407
0.511757956196 0.90496907569
0.950934283875 0.989688492084
0.799266442001 0.644007287552
0.86677422336 0.0349318803465
0.990729883908 0.741757845997
0.924301782696 0.853628001981
0.964679730191 0.266372081156
0.820256300519 0.0571508330047
0.0476263493653 0.126407755248
0.801515901957 0.202004431253
0.609140567431 0.62724647075
0.123593763109 0.137417836792
0.452952086065 0.0526793692465
0.893556211712 0.674307826539
0.998348652092 0.672389871839
0.011217285746 0.521515201904
0.871035083682 0.539068055816
0.679156721817 0.177247883538
0.253874304295 0.424156313506
0.495813760584 0.963089198905
0.0281524186866 0.780081159823
0.237183016641 0.0970151298042
0.3041083398 0.451090292855
0.756855252272 0.532678236176
0.924162291272 0.169941271725
0.180391501638 0.420510474387
0.68797172885 0.606232330592
0.546772464846 0.587269899426
0.191024882563 0.375375210184
0.729550670164 0.633881663176
0.729370252188 0.885570234687
0.186692719683 0.642498808398
0.0956312164377 0.456515215831
0.968329612601 0.894595226305
0.641687050731 0.96970562892
0.255404702676 0.916657748038
